10000
774
807
393
166
547
875
117
840
108
203
116
601
703
506
760
764
34
936
662
577
624
710
965
989
681
841
21
229
233
937
892
16
314
85
371
961
525
397
352
462
108
172
901
112
939
975
533
199
117
526
455
801
67
550
523
382
623
225
977
795
359
747
193
650
572
545
325
130
786
648
90
264
266
120
77
938
19
67
643
51
328
93
433
336
363
985
378
694
182
526
303
846
210
117
440
847
169
96
841
534
117
200
336
60
372
275
498
699
603
640
797
926
911
832
400
101
810
963
63
378
211
68
651
419
998
563
302
828
755
868
556
776
299
193
805
612
740
257
31
336
509
939
984
979
605
371
152
426
694
360
701
116
839
591
681
405
864
56
430
77
598
875
426
396
54
846
13
573
894
366
119
628
87
759
151
565
991
611
382
699
715
635
657
617
889
4
453
384
875
336
661
710
400
16
679
167
124
524
702
803
288
839
296
508
60
113
103
242
105
234
708
948
283
784
191
741
947
846
331
921
995
985
343
699
91
559
312
540
889
574
65
602
180
447
397
619
609
933
235
620
598
662
391
546
340
741
426
636
267
120
208
851
733
909
767
88
404
12
951
776
127
849
677
142
783
194
81
965
97
975
64
632
284
378
988
281
921
68
30
818
795
544
182
979
292
129
433
896
903
188
337
702
964
393
619
587
45
932
298
639
160
650
497
58
573
754
925
251
63
681
152
947
95
402
210
228
924
512
122
777
767
305
171
619
75
66
498
284
810
369
755
620
962
523
827
590
542
194
783
543
457
66
124
730
277
872
968
794
322
31
38
61
874
217
95
833
896
263
771
943
321
69
392
433
51
29
873
144
299
478
215
310
923
312
477
933
343
23
925
810
504
858
760
154
978
799
827
823
688
869
21
766
232
885
212
113
624
805
976
372
271
666
663
110
801
730
856
102
962
164
683
599
620
276
141
370
140
759
177
950
838
487
722
687
233
803
893
368
964
295
547
590
96
19
389
418
512
626
816
346
658
266
240
502
778
195
968
122
12
725
39
941
246
130
950
852
320
581
30
475
476
262
879
665
648
716
699
263
978
477
706
702
419
101
398
586
324
64
262
86
421
805
279
77
429
18
470
506
331
310
403
957
427
343
456
803
636
185
359
288
814
399
137
380
617
41
154
983
32
514
522
938
948
204
231
988
758
186
526
533
388
138
416
931
213
334
761
342
263
806
868
578
717
467
186
17
511
570
649
762
25
219
201
554
613
237
626
565
829
23
129
745
936
502
777
64
574
334
462
512
807
943
437
376
861
990
240
337
10
276
917
606
555
247
998
538
500
883
11
933
150
389
699
258
851
748
778
200
514
628
924
547
446
224
544
343
265
36
928
688
606
684
380
368
875
996
102
566
901
388
600
623
14
776
497
356
249
626
391
952
454
548
799
652
361
334
824
577
101
984
821
882
622
973
721
91
196
244
532
945
691
675
260
616
856
811
111
403
742
811
500
659
749
705
650
327
548
516
432
125
158
911
500
202
640
354
151
20
322
451
965
753
116
773
50
347
168
282
88
762
21
946
190
22
76
688
10
352
547
533
806
484
582
348
224
478
638
57
772
189
202
879
901
128
617
628
776
60
474
323
977
119
427
486
39
580
773
421
354
787
665
231
293
68
268
412
670
208
501
894
259
837
39
834
534
612
785
174
393
184
451
352
341
285
140
224
716
682
478
563
567
52
987
830
129
201
681
603
274
574
296
267
463
557
253
968
103
119
63
485
657
810
998
533
353
39
763
157
225
706
459
887
844
599
285
540
286
230
931
141
639
34
621
469
470
763
184
479
394
422
558
191
980
86
327
752
712
474
478
514
42
907
254
325
694
663
491
326
904
719
629
917
905
809
126
881
971
355
589
704
676
509
563
271
414
473
539
987
735
594
639
865
132
670
781
936
712
442
832
449
170
401
987
816
181
119
184
178
266
632
47
562
384
208
538
514
195
799
509
506
65
363
595
824
681
290
443
973
399
458
937
336
266
671
9
929
879
729
367
724
598
830
50
391
746
987
255
546
119
587
25
922
259
601
894
594
958
504
708
904
878
765
546
943
643
29
324
269
466
416
543
211
45
490
298
692
703
314
421
340
238
889
643
767
697
384
467
740
872
422
989
660
530
165
135
202
705
528
55
136
531
755
491
75
738
447
140
797
115
305
225
293
460
629
864
357
421
348
447
176
17
471
225
734
231
623
204
437
896
51
39
925
557
349
896
568
9
658
403
21
265
707
711
368
45
156
899
991
438
385
366
955
487
416
348
73
984
919
124
332
597
67
22
593
605
842
338
551
910
349
188
881
950
102
371
113
949
10
408
258
750
650
636
810
36
700
635
418
513
857
412
276
426
395
618
616
758
333
589
403
429
119
641
364
325
620
33
500
304
194
772
42
562
21
357
728
734
576
176
325
823
241
448
736
708
208
422
310
237
564
925
136
138
962
936
860
227
586
684
989
506
312
738
506
461
932
868
681
135
895
761
686
142
347
212
772
935
693
815
478
405
857
965
442
945
402
100
842
251
325
873
657
439
912
790
79
59
5
759
529
237
573
114
48
833
515
396
580
855
950
56
180
963
537
938
533
110
627
234
109
10
239
228
546
251
399
60
652
433
586
487
412
898
903
541
968
804
180
603
228
800
552
357
998
922
937
488
269
533
610
229
471
444
413
665
198
563
41
905
951
667
320
59
319
564
56
944
513
645
84
742
960
935
278
474
22
823
99
130
431
490
275
337
461
716
723
899
344
449
249
968
241
620
339
254
564
822
437
230
152
917
973
153
397
206
388
700
736
438
316
14
869
162
312
538
682
758
933
704
372
578
715
613
793
729
943
611
433
483
57
852
553
467
612
168
821
754
735
246
458
898
248
694
973
791
752
589
227
455
950
634
662
235
412
605
449
677
144
31
801
209
224
581
192
232
862
518
86
784
339
508
254
775
746
143
786
286
748
740
332
67
900
165
507
606
799
635
710
341
234
718
680
371
607
813
800
851
597
824
67
186
746
538
888
234
744
365
256
267
202
790
969
997
226
639
325
88
136
859
283
900
848
92
210
148
201
520
565
933
702
170
736
925
155
285
542
487
365
779
436
739
5
980
805
209
259
386
282
318
116
41
142
335
480
748
347
234
26
322
245
781
605
872
841
230
15
504
906
209
228
735
216
616
522
700
748
820
245
428
549
570
654
242
344
89
836
979
760
288
135
504
418
421
885
334
499
895
292
327
888
373
443
83
794
583
645
33
788
210
514
758
154
834
131
169
16
7
466
453
828
298
180
557
137
673
724
631
521
286
78
447
677
982
844
124
948
341
376
343
79
494
895
927
349
136
310
18
200
901
412
990
738
228
108
374
605
62
69
648
694
613
39
531
133
337
700
317
588
996
49
123
610
869
272
538
394
826
4
34
701
574
543
258
448
850
771
446
771
584
459
237
224
746
174
679
948
329
536
772
589
682
716
575
240
74
193
930
566
938
952
907
322
294
559
860
978
880
846
233
895
322
52
930
770
704
964
519
949
731
66
387
700
185
523
298
782
210
702
268
340
702
262
547
924
18
321
697
978
762
776
483
324
736
410
970
816
90
271
104
893
274
847
183
643
47
269
565
808
896
259
732
39
465
363
278
287
654
910
717
229
572
29
368
895
983
795
602
823
694
683
981
32
443
626
988
344
798
171
310
921
25
844
358
309
830
514
166
550
429
613
236
520
698
26
629
300
259
457
382
761
599
762
66
945
393
633
494
333
468
347
944
446
448
20
517
809
275
479
137
238
60
977
1
750
344
914
69
726
991
713
986
84
240
131
860
205
657
807
784
240
723
929
279
355
314
889
974
32
787
703
394
379
670
902
530
955
866
2
821
2
184
743
154
835
31
71
294
767
734
152
639
924
617
752
55
963
43
125
357
228
58
109
798
856
343
943
537
19
228
701
15
476
17
223
313
322
151
748
276
28
821
495
735
509
209
44
45
571
654
430
558
979
219
350
792
98
893
810
123
658
403
647
169
751
6
797
452
509
164
766
626
664
778
833
548
136
30
106
876
223
863
6
772
167
836
917
636
53
73
721
627
36
313
333
215
400
13
268
727
800
786
280
949
135
528
155
689
831
950
805
545
410
51
802
837
78
568
223
950
204
386
145
479
654
595
43
707
531
160
42
798
896
828
46
544
380
291
255
892
992
300
881
606
433
54
374
19
67
259
671
339
116
137
622
953
867
549
43
979
443
603
873
772
503
16
837
423
364
712
258
239
869
332
491
153
575
603
918
811
115
697
809
494
777
853
445
798
327
796
635
466
381
507
983
711
899
497
328
551
274
115
792
638
356
770
262
598
826
351
518
416
24
686
938
787
118
16
536
193
518
290
31
628
372
923
14
793
567
283
467
834
163
7
741
191
441
337
463
183
708
709
730
296
319
846
813
470
928
142
483
392
692
468
90
990
870
232
707
750
279
682
555
695
651
193
301
740
662
903
753
122
121
697
157
53
493
485
31
124
51
668
420
397
605
327
480
643
772
725
883
668
440
490
451
903
661
412
204
195
816
671
161
698
422
17
829
732
597
383
451
768
810
406
110
861
526
573
398
647
13
159
728
229
92
343
664
72
815
181
5
510
676
861
402
291
87
238
621
401
723
56
61
518
650
743
421
428
409
900
359
895
3
746
639
447
80
886
693
820
834
231
486
89
828
85
552
186
800
407
608
551
587
284
66
147
774
595
524
294
868
494
552
501
515
169
419
188
521
577
367
762
221
543
409
722
534
691
936
482
124
221
635
788
521
359
413
2
356
695
721
214
306
561
315
623
665
337
498
720
186
77
433
883
458
456
804
59
237
731
605
847
304
463
811
218
178
62
363
71
909
95
582
25
383
543
775
969
272
397
39
873
87
30
439
973
245
207
953
633
854
377
276
781
351
167
514
894
568
947
383
462
368
358
184
667
111
598
950
789
437
657
662
209
732
552
574
387
100
584
445
344
67
665
375
201
502
281
277
11
225
715
437
620
783
505
603
312
927
65
428
457
731
418
578
597
822
232
33
745
681
669
44
148
937
800
733
350
17
482
880
695
64
778
954
308
375
995
499
756
281
595
645
280
367
484
928
425
671
648
516
492
840
229
970
32
389
968
840
384
700
413
727
244
297
837
186
794
100
632
556
210
379
874
358
791
869
570
69
41
133
773
436
567
215
826
947
657
898
422
644
580
58
271
677
727
344
78
839
579
433
342
178
599
376
513
499
737
832
873
339
136
835
60
309
646
552
416
251
299
244
126
565
397
888
204
216
924
330
738
567
545
859
862
281
775
204
667
630
434
782
476
503
875
213
111
857
901
807
956
990
90
447
21
504
391
385
719
667
319
281
862
966
787
925
783
933
718
843
478
86
582
760
792
781
742
919
635
7
921
330
610
735
858
895
37
369
223
554
909
857
795
83
732
783
18
652
323
201
471
994
101
108
385
133
25
313
5
429
629
120
93
699
381
924
630
601
843
427
511
623
313
367
973
611
786
638
612
916
974
499
599
603
100
270
728
655
17
47
324
563
599
650
262
6
586
311
483
871
100
402
85
811
911
42
121
973
378
8
52
240
373
781
842
500
375
952
878
515
127
523
958
206
263
217
902
497
916
606
181
239
218
42
189
811
925
972
75
749
442
312
750
933
787
188
828
712
266
389
24
996
533
616
488
401
983
447
347
405
288
803
696
156
802
152
617
619
500
42
254
111
644
858
190
319
597
301
745
115
81
81
449
887
871
348
950
240
741
419
344
881
761
939
855
522
833
136
167
374
43
464
448
464
30
467
601
498
815
186
772
361
448
232
189
496
954
889
540
71
324
278
314
31
820
954
296
645
641
189
826
497
779
706
3
203
978
486
714
737
820
544
250
670
259
439
568
946
106
525
861
554
679
174
699
348
372
972
485
146
872
483
54
0
731
764
532
403
830
672
589
672
432
571
887
423
566
114
438
618
754
90
614
741
860
647
793
148
238
749
626
811
880
335
384
278
564
882
854
166
293
628
879
269
681
398
591
150
181
44
724
92
119
85
715
597
646
635
472
794
525
369
469
526
823
844
531
80
741
615
583
647
699
871
859
586
480
255
285
681
524
617
837
715
212
82
912
245
408
65
810
587
902
572
992
446
944
758
939
826
360
289
281
155
507
228
661
67
955
17
999
851
527
14
286
436
989
805
129
360
840
266
37
490
476
681
409
119
734
34
597
119
185
554
505
60
363
271
642
638
206
15
807
88
194
246
857
963
760
394
657
180
145
236
292
765
852
406
633
741
647
155
764
780
837
824
195
648
118
197
284
613
124
295
825
732
993
445
756
75
798
509
725
413
927
419
907
789
34
645
535
596
494
446
140
589
936
677
930
313
448
569
370
309
66
659
115
228
128
944
499
25
110
506
265
117
246
154
847
553
41
115
78
505
526
310
833
453
989
846
315
53
509
975
437
985
515
800
743
50
292
730
168
32
505
748
57
433
129
653
371
571
949
333
169
934
21
592
824
625
120
135
338
415
944
844
810
486
844
587
299
100
775
568
729
222
478
105
720
278
142
457
99
176
420
469
941
177
486
270
876
933
782
12
155
924
343
764
214
343
584
838
561
829
582
789
809
357
687
875
140
831
56
489
172
179
167
864
678
5
669
95
185
652
235
321
794
318
413
426
412
746
980
726
733
1
902
342
76
961
184
848
919
216
395
465
585
961
404
946
695
110
950
620
756
859
730
498
858
378
54
962
273
617
52
495
429
20
57
270
735
591
126
842
198
749
267
902
678
638
39
735
350
248
181
412
527
901
280
186
705
509
518
256
616
560
755
620
563
538
45
337
837
139
348
734
572
322
124
11
615
950
491
586
757
112
741
832
48
816
128
487
65
146
761
761
541
564
893
827
244
448
436
252
82
993
487
208
431
395
810
253
441
116
453
465
233
496
324
54
251
918
695
716
974
93
460
825
372
753
959
895
740
40
811
218
955
284
19
748
321
381
946
535
999
932
840
623
966
958
709
65
10
171
744
684
630
866
641
875
898
939
357
491
31
552
79
383
994
473
83
358
935
99
78
958
373
372
465
343
831
709
28
726
627
140
208
308
235
21
445
171
873
533
794
869
680
283
98
192
349
539
691
762
220
793
987
501
783
830
67
502
906
705
373
344
569
885
586
625
202
603
204
5
64
372
186
399
756
397
362
353
520
752
608
739
886
347
461
480
706
879
603
193
825
622
133
132
601
754
707
781
343
942
130
583
304
12
658
382
367
539
570
228
621
41
614
295
31
765
352
20
801
554
5
698
969
673
486
589
174
694
414
605
526
620
900
586
399
64
646
174
597
295
261
88
658
365
848
904
636
611
681
700
473
964
83
406
181
12
757
175
444
926
912
925
267
200
324
428
96
229
337
699
946
71
49
182
202
910
835
244
417
658
202
684
124
321
316
257
979
989
150
151
607
37
333
928
785
126
975
184
727
142
680
281
633
341
849
924
82
697
234
813
834
732
376
265
696
700
178
479
757
575
821
648
916
536
368
980
53
210
601
27
448
440
614
156
351
599
824
893
533
265
274
520
170
295
799
775
952
522
137
324
544
750
150
79
309
307
125
660
491
169
143
416
144
527
872
360
584
808
812
166
359
867
614
865
583
102
148
80
105
111
367
868
640
958
590
663
913
57
345
76
766
397
835
955
114
615
521
889
616
493
920
786
796
987
595
253
586
541
417
507
133
622
109
978
560
979
655
236
721
7
80
639
300
204
267
417
483
115
206
530
570
208
664
134
200
125
100
973
738
872
380
1
34
52
769
348
462
114
718
51
395
585
605
818
111
281
281
205
445
896
483
249
83
590
168
733
568
852
566
544
106
732
799
120
524
908
895
580
276
725
368
631
778
531
741
58
668
520
963
748
238
113
314
200
543
916
843
899
807
724
661
657
357
779
104
36
77
484
530
751
271
562
975
733
450
304
531
913
190
941
987
145
594
979
850
764
538
869
303
885
674
931
700
316
920
427
705
7
499
510
391
730
674
84
945
360
80
140
908
412
251
684
703
281
155
514
821
786
56
301
751
455
348
443
31
460
295
359
296
808
105
878
425
503
75
863
408
236
918
341
11
631
421
986
409
319
143
697
759
436
892
904
679
715
657
441
971
423
86
371
791
216
972
913
365
435
124
527
842
222
859
869
325
846
681
330
591
815
737
141
597
863
867
226
971
679
69
816
892
111
592
355
324
749
743
19
14
770
186
56
593
593
464
760
693
197
59
839
532
174
837
866
491
759
545
896
311
23
572
669
213
25
11
716
922
459
78
216
953
304
473
807
739
26
323
380
40
575
495
183
643
71
952
947
396
304
706
652
535
981
251
700
954
410
657
816
308
36
269
531
777
881
884
719
978
628
23
243
857
786
232
773
418
686
925
157
557
197
489
716
935
96
229
0
841
588
686
509
392
31
832
577
307
832
577
940
620
731
152
689
325
817
27
142
92
904
920
996
873
844
827
723
268
737
311
574
907
676
304
158
745
141
212
853
147
355
642
762
955
732
514
252
679
439
348
484
453
969
413
307
237
440
845
405
824
190
99
369
718
70
649
687
251
164
588
421
323
420
924
509
77
43
370
502
564
273
927
549
784
883
385
527
44
212
360
134
576
459
407
927
382
645
230
308
450
56
725
298
466
737
315
17
29
386
3
131
336
828
360
651
419
660
55
572
83
749
899
43
608
627
791
410
526
399
795
793
753
660
105
531
170
188
930
955
751
559
906
457
294
298
466
260
369
736
692
765
541
56
152
638
916
410
781
734
75
207
228
131
654
20
110
498
88
210
134
325
358
942
585
505
739
400
882
819
270
826
610
407
39
175
356
125
441
37
135
81
336
488
405
148
508
5
592
724
79
167
147
813
920
306
694
290
618
906
228
157
814
582
375
510
836
951
771
459
817
543
240
316
538
824
369
746
15
162
673
636
619
552
373
478
864
783
133
606
871
268
692
4
621
705
358
397
65
948
609
500
417
284
132
694
565
585
597
688
107
295
655
119
513
238
680
532
474
650
120
610
71
2
653
157
767
726
908
769
729
914
234
804
110
753
264
753
420
576
861
242
700
809
957
425
141
512
271
243
834
582
597
386
646
231
20
285
400
842
651
870
433
813
105
680
434
242
807
610
315
761
420
956
446
179
703
286
378
849
511
368
508
359
183
529
159
977
845
727
956
360
873
175
989
472
235
402
835
177
373
453
487
928
704
3
109
602
234
809
925
765
524
77
204
226
578
428
711
786
172
295
519
364
82
185
528
785
500
304
379
181
791
901
452
89
427
825
125
249
481
686
953
479
210
304
230
403
819
910
153
112
941
417
669
771
184
792
70
650
352
4
648
327
351
447
989
296
906
652
491
573
864
59
587
997
981
268
398
308
213
829
834
677
347
985
994
176
265
639
316
177
850
460
756
781
595
110
286
657
49
311
1
105
348
58
38
481
968
549
496
420
244
530
693
942
91
84
330
224
24
59
582
328
391
692
845
562
439
543
852
472
483
910
244
545
607
712
167
680
248
639
376
172
508
340
239
376
433
532
850
526
946
167
975
124
587
790
461
643
21
742
363
216
941
765
760
274
879
512
418
719
833
390
314
106
154
853
524
541
657
311
452
102
705
368
476
994
770
495
298
51
195
631
278
831
499
657
897
279
512
543
810
752
383
55
706
633
761
74
463
810
358
392
653
317
843
426
776
676
535
924
879
711
956
957
914
727
889
220
244
860
380
961
363
936
685
869
20
102
133
14
804
2
717
507
146
503
676
889
40
575
800
584
303
122
997
413
2
934
723
20
995
102
289
217
186
203
912
355
28
500
67
710
512
779
594
620
245
150
878
80
351
606
63
62
184
128
905
770
283
478
620
404
251
529
659
284
35
868
828
751
15
200
734
718
79
664
793
744
139
312
199
964
266
719
777
5
341
286
484
241
768
92
10
208
953
175
900
790
425
177
293
684
655
61
802
194
252
636
502
105
265
513
954
296
404
333
273
998
506
23
722
334
502
452
535
260
687
679
954
874
512
437
199
735
297
223
60
101
171
301
420
789
761
924
595
113
962
507
445
454
154
528
640
620
472
258
431
68
307
946
936
589
173
443
869
194
618
187
774
4
681
397
248
415
185
941
359
211
687
143
631
106
867
244
912
312
835
682
400
84
135
254
650
90
908
89
132
595
84
948
670
746
810
874
102
67
595
81
393
258
296
499
316
140
576
447
249
270
347
767
724
209
153
703
29
895
0
665
800
309
980
943
528
732
905
838
570
205
69
35
613
249
944
693
32
898
117
22
132
874
882
735
904
926
235
799
324
870
686
56
45
860
519
695
398
430
107
310
768
753
529
879
40
836
788
567
958
319
134
372
263
103
39
349
352
623
331
333
523
883
633
403
846
548
471
216
206
475
123
726
91
540
541
202
101
817
64
6
548
839
991
774
773
705
4
540
768
248
731
442
926
4
542
932
24
137
818
703
259
664
766
18
784
81
235
383
232
26
327
638
788
447
164
679
730
758
326
337
483
685
465
220
298
538
888
504
415
615
914
504
441
233
535
910
387
419
553
147
741
100
198
555
379
129
273
347
586
776
192
401
231
746
728
607
418
36
548
154
391
315
157
677
909
857
979
141
647
848
802
153
857
106
688
129
125
835
426
79
634
755
254
566
414
604
491
422
618
772
621
576
932
399
37
308
394
941
157
205
778
35
937
678
151
169
89
28
365
583
387
591
685
173
669
701
340
245
504
749
15
255
264
597
817
657
880
985
732
385
698
601
470
849
924
277
91
725
614
327
624
923
392
469
296
264
33
106
479
835
170
328
779
457
297
669
3
532
81
863
112
528
494
68
88
772
350
130
81
417
315
232
466
946
621
535
805
448
941
337
857
337
653
780
53
117
3
283
246
940
971
250
305
279
932
227
196
314
827
834
462
34
275
297
455
761
503
985
794
315
462
574
304
875
381
541
838
776
410
748
614
974
780
239
747
826
232
659
149
525
647
56
109
380
83
744
859
354
248
30
779
819
919
652
717
46
13
278
708
821
763
261
598
260
735
449
474
124
671
574
617
403
573
753
586
722
518
735
441
915
165
378
194
804
181
401
183
740
867
483
730
377
474
320
172
340
800
4
443
562
93
985
330
343
947
304
658
401
113
635
126
710
34
802
861
443
795
992
169
107
42
785
740
448
674
978
626
753
498
493
1
567
69
576
301
237
108
41
648
789
744
752
934
313
836
601
383
236
982
76
214
822
358
915
766
549
23
79
821
255
187
455
968
985
348
847
973
218
892
697
48
633
797
594
181
679
725
563
436
747
938
162
707
345
515
789
333
62
750
387
920
226
358
151
645
690
949
834
544
152
799
171
550
586
95
853
671
332
306
301
881
787
289
423
444
64
781
20
748
252
427
298
17
670
39
96
482
30
140
44
104
85
233
939
751
467
608
477
447
645
80
250
873
929
50
517
684
127
424
19
960
430
921
200
58
703
114
399
93
98
935
859
474
612
302
838
390
178
692
597
762
924
849
287
448
985
535
73
233
586
560
983
467
766
661
360
960
282
371
103
458
586
183
257
986
313
802
656
967
473
192
659
788
711
531
359
699
406
132
831
773
270
209
427
507
545
850
760
431
178
190
924
579
418
363
68
771
288
874
524
79
556
464
346
544
713
272
143
772
245
222
979
525
926
8
420
51
194
53
266
754
675
15
163
694
965
308
374
651
117
448
286
1
184
439
709
924
598
454
602
281
89
113
616
749
669
423
13
264
518
785
884
862
385
634
895
518
448
825
260
4
741
465
315
529
825
145
153
986
354
759
924
958
615
720
300
32
946
443
666
997
641
475
752
959
968
667
636
288
102
524
250
931
818
361
246
363
331
564
915
887
521
241
418
181
763
800
178
724
86
896
336
166
334
967
91
321
380
678
695
63
996
201
845
115
490
916
107
860
889
289
989
599
159
639
839
220
657
556
93
739
198
114
386
279
298
264
561
168
730
847
52
415
910
557
454
626
192
543
239
975
800
942
724
149
97
396
160
710
836
873
339
513
135
766
868
253
457
946
734
599
140
858
813
564
808
379
676
290
352
764
493
464
459
87
452
543
986
990
528
368
953
34
726
852
307
86
739
267
630
642
38
900
800
588
849
715
837
32
258
896
198
656
410
92
520
23
265
71
566
192
427
997
539
364
139
695
360
575
331
909
870
116
53
313
257
991
105
542
810
872
868
968
95
312
841
982
328
203
166
250
273
757
270
617
351
706
390
189
561
94
111
359
341
411
983
538
435
808
755
716
858
726
205
958
453
670
662
682
122
334
497
91
759
235
780
480
857
529
627
739
346
477
107
678
806
259
71
349
419
227
563
734
330
951
451
829
950
672
358
484
792
533
29
0
756
717
978
487
524
108
694
597
119
850
803
317
846
545
11
460
899
125
891
986
158
734
224
354
133
184
396
881
647
572
853
707
797
543
195
504
197
96
323
598
965
103
220
680
553
849
533
692
337
856
586
235
113
87
713
689
742
900
941
92
450
990
71
185
741
413
987
258
920
760
998
163
374
722
946
428
250
766
291
89
135
570
433
29
536
496
779
774
85
894
356
489
214
431
381
190
991
691
247
526
496
17
355
17
16
589
519
364
526
829
623
103
587
125
94
317
655
730
280
308
222
268
174
573
807
956
180
893
337
765
578
634
499
79
773
169
334
270
306
68
752
905
22
553
832
350
837
261
377
787
453
553
334
800
726
250
16
225
96
332
663
415
505
937
418
893
338
698
540
31
124
576
30
383
76
709
123
274
569
452
563
343
30
703
783
928
240
374
190
897
493
757
803
69
535
319
212
551
932
767
918
398
723
285
394
298
701
973
918
859
30
547
529
570
519
850
183
790
25
581
165
480
655
397
162
827
184
800
283
490
280
275
745
982
195
14
912
839
21
510
934
479
280
248
198
526
651
592
505
248
804
921
585
171
642
711
361
373
137
561
563
418
250
459
407
362
455
591
341
441
776
771
912
665
757
830
743
210
752
147
193
673
861
616
453
790
882
633
571
599
605
853
738
754
398
115
790
672
147
5
965
373
26
201
743
412
566
353
560
232
32
777
100
709
449
302
373
228
618
317
12
117
361
905
562
79
760
310
265
451
723
667
460
95
734
309
727
470
945
549
28
452
937
540
52
991
356
525
79
234
616
808
896
299
784
303
863
740
140
58
188
95
244
485
181
274
2
505
780
10
825
919
624
595
341
112
135
765
32
499
941
299
198
694
827
981
583
909
806
950
870
841
411
872
594
975
69
114
880
313
10
451
635
210
616
113
986
651
191
882
828
267
531
996
66
491
593
456
64
767
75
856
474
752
706
993
344
310
439
988
429
403
710
559
730
219
127
385
946
415
98
514
241
553
999
712
278
314
935
590
250
375
970
343
228
58
278
496
50
701
392
140
302
929
67
41
58
508
194
575
26
217
667
601
933
138
251
428
775
760
888
364
774
835
590
974
143
565
705
824
13
944
644
749
141
704
884
237
640
747
541
8
262
205
206
787
883
265
659
355
473
113
47
942
579
534
4
146
496
347
793
629
580
484
87
195
231
84
319
30
448
780
347
664
754
415
712
20
584
114
221
618
264
721
522
921
146
244
320
734
724
41
513
571
395
171
124
444
72
513
31
74
988
257
89
138
553
546
179
584
215
881
530
276
984
515
565
647
233
802
797
471
213
507
21
630
895
828
271
497
316
658
113
532
994
304
258
19
289
972
733
979
557
51
161
854
709
221
610
70
387
563
752
945
112
45
529
826
155
736
998
232
110
796
151
24
518
388
28
838
605
855
633
697
997
627
20
268
19
665
518
768
605
851
852
679
737
874
378
99
988
421
475
989
916
27
647
258
75
929
625
32
704
671
43
198
291
965
352
553
757
356
38
403
482
831
615
653
700
631
834
189
573
933
459
75
729
147
563
694
549
524
5
716
640
618
383
22
460
270
313
233
833
217
725
641
615
481
882
88
173
832
927
732
915
663
897
975
664
407
713
8
793
144
941
399
351
586
737
157
619
465
946
193
441
14
367
672
383
535
100
724
336
129
412
117
609
892
554
581
414
525
740
588
42
249
461
228
634
28
254
247
837
714
440
357
923
157
976
786
518
869
847
420
905
757
533
330
491
402
474
719
712
871
641
774
325
931
241
992
269
868
840
241
389
741
318
944
169
443
652
381
689
261
536
437
787
426
342
144
118
764
996
412
312
730
122
426
333
731
108
654
540
878
909
749
40
503
674
295
648
116
832
955
939
557
482
146
636
818
684
123
845
806
21
14
227
217
908
700
286
20
147
531
339
989
64
736
720
179
93
141
404
27
110
418
664
248
843
831
62
226
89
320
852
349
473
905
589
82
476
449
669
3
561
523
886
15
189
454
124
533
294
815
193
606
44
981
333
291
516
50
102
925
467
609
232
812
419
898
170
111
381
363
253
154
139
873
513
766
480
396
805
578
839
312
131
327
877
767
38
569
28
540
105
569
572
195
149
111
576
5
958
717
539
559
883
519
885
873
176
767
118
508
497
380
693
461
422
811
653
422
662
478
909
404
345
360
162
107
174
115
932
757
909
536
578
905
658
277
786
616
790
829
49
780
988
938
507
425
821
437
440
317
953
806
468
660
939
207
985
379
343
866
346
54
402
443
198
270
990
505
511
394
313
518
655
310
449
541
263
425
310
459
51
408
27
790
708
296
131
418
99
713
388
314
271
157
171
52
548
144
132
925
536
218
275
68
819
879
36
451
306
680
611
743
576
99
481
56
634
589
245
244
981
815
42
679
263
206
930
805
366
908
743
207
905
213
65
308
937
60
938
879
787
683
570
382
605
458
471
859
706
446
108
395
68
331
109
859
685
828
484
19
554
231
876
827
69
366
736
273
333
231
102
461
964
694
557
804
13
976
808
136
383
248
918
97
675
751
719
780
78
388
886
465
579
331
406
251
600
914
74
937
259
622
596
745
802
396
17
452
788
739
728
757
118
303
165
299
358
857
895
477
253
321
362
493
477
582
825
989
912
324
20
814
952
828
761
984
368
1
522
748
430
894
916
757
379
38
175
252
649
843
750
883
224
592
61
153
396
66
426
772
807
801
602
93
326
540
345
661
699
458
964
486
975
773
607
404
529
273
942
234
992
331
306
592
41
460
803
514
677
661
252
309
673
76
551
50
379
52
910
845
471
883
315
463
652
908
245
206
445
469
992
759
535
708
535
626
820
610
944
516
474
257
444
298
804
738
793
521
170
727
862
738
79
783
819
890
159
511
219
280
579
110
71
176
939
649
64
229
678
885
712
475
865
436
53
833
834
902
275
125
567
304
517
18
48
282
808
573
582
203
204
997
758
711
976
809
390
88
769
67
963
794
950
186
901
464
83
5
479
885
712
379
927
357
142
0
326
434
893
394
868
274
181
714
139
261
215
421
526
540
430
658
991
269
224
398
202
43
171
307
745
50
510
23
772
225
453
537
668
752
784
158
405
537
57
481
190
691
392
642
558
289
925
949
205
433
144
515
684
840
784
126
610
474
535
941
172
32
375
688
967
266
179
981
701
188
20
656
234
78
783
2
770
394
255
424
938
442
948
613
231
658
415
794
950
25
184
129
465
845
15
769
91
308
292
851
809
903
851
915
564
521
743
474
815
573
458
720
313
221
54
519
208
159
475
27
51
258
598
718
225
142
330
288
299
2
389
331
723
63
202
852
576
49
494
253
671
829
881
464
639
30
467
318
561
746
353
862
67
489
163
49
679
766
579
793
4
550
371
434
305
742
835
249
473
17
734
113
408
958
169
220
576
816
807
679
8
471
524
798
658
868
468
390
15
969
118
721
810
983
906
284
878
649
4
141
124
422
861
704
365
988
901
9
328
455
55
435
920
402
8
623
869
84
949
409
798
411
760
100
544
231
822
61
222
716
617
20
117
651
29
655
82
195
769
634
202
537
884
761
645
246
938
150
8
31
225
349
558
408
692
196
275
370
891
512
261
988
485
155
743
613
987
226
891
871
58
235
547
455
53
235
67
665
877
389
351
801
894
199
261
916
671
895
615
253
813
675
15
163
940
21
943
952
572
93
828
444
476
648
574
335
965
151
7
558
197
530
677
517
951
915
590
3
196
328
63
539
112
696
249
847
67
334
528
823
578
635
577
222
417
934
688
445
768
127
915
209
151
649
335
976
23
693
293
97
423
923
232
177
471
812
973
42
837
659
903
926
986
481
903
673
103
176
997
732
209
143
357
758
815
444
192
469
532
593
574
794
525
301
757
987
928
834
353
946
382
206
344
746
800
427
873
681
90
338
904
321
910
405
24
65
207
489
62
841
416
914
725
739
561
656
964
932
613
792
704
505
467
453
383
287
423
909
994
507
837
744
366
312
689
451
408
422
453
851
602
415
680
165
863
526
560
627
582
905
244
488
822
813
744
228
31
424
173
203
312
793
580
319
931
3
71
862
193
433
5
47
219
932
208
486
902
272
869
879
746
845
271
991
720
672
800
277
813
345
621
304
63
800
92
394
738
369
437
266
304
262
610
256
379
652
860
481
232
21
900
482
794
316
19
265
320
536
751
238
60
128
962
169
881
980
744
38
416
948
53
419
783
642
752
162
759
930
208
929
384
186
850
703
315
532
836
617
44
432
625
266
185
470
33
522
684
722
813
837
881
640
52
52
812
543
964
873
274
610
832
19
106
809
922
882
745
774
342
292
758
203
939
774
568
385
239
206
690
140
197
965
624
626
694
202
482
74
185
298
50
185
904
219
266
639
657
87
31
161
117
47
676
335
713
941
605
453
774
627
417
743
863
585
314
182
222
729
781
167
476
7
104
67
108
853
621
137
338
899
746
670
469
179
745
311
269
403
187
102
691
731
572
384
157
62
235
215
490
949
801
363
944
671
923
35
719
373
765
641
337
921
133
404
657
183
617
575
350
996
47
438
162
915
271
897
443
287
38
161
861
234
506
920
561
43
317
741
967
686
136
956
131
662
493
404
423
254
889
898
541
157
604
236
919
639
990
808
373
920
576
841
898
723
668
83
140
401
947
502
846
829
65
135
236
68
854
173
265
675
619
702
320
840
607
818
486
554
950
295
360
565
749
971
151
581
716
673
772
532
656
978
329
694
660
876
534
801
923
929
509
403
829
22
763
340
868
860
475
698
345
764
744
170
896
450
70
732
397
476
854
760
945
492
213
453
317
465
879
329
793
268
805
578
330
782
624
914
86
335
433
193
493
913
920
644
390
843
508
956
763
265
389
122
610
817
60
686
888
560
843
814
460
35
86
899
366
714
390
544
418
70
462
964
469
44
532
694
419
281
686
168
858
669
821
444
150
964
603
852
778
527
93
606
152
770
364
211
109
286
926
161
244
806
324
422
589
879
16
717
138
729
398
949
782
722
35
469
250
202
366
820
509
561
569
92
232
372
203
247
203
982
518
577
623
811
921
349
105
440
633
316
848
502
865
959
515
814
514
462
898
190
152
146
519
409
116
340
984
509
759
761
813
70
154
300
784
48
71
859
502
786
555
927
240
501
818
362
358
363
687
637
41
581
463
241
715
245
81
811
254
666
252
645
69
242
301
359
931
906
251
509
470
48
89
426
487
513
527
26
130
895
597
117
956
330
478
111
797
72
188
908
908
751
470
729
729
94
419
293
267
420
937
839
855
800
367
673
121
7
59
82
154
901
761
538
319
234
208
270
978
46
634
787
231
455
129
903
580
254
961
563
581
762
957
996
316
597
873
505
682
163
778
263
724
336
237
368
933
641
811
179
588
162
791
877
178
135
488
828
186
223
386
491
269
930
859
914
681
507
157
717
693
336
191
5
868
614
56
804
219
402
289
618
441
322
725
484
746
186
9
76
71
211
386
443
990
933
63
859
370
629
420
34
55
114
679
272
300
634
331
513
949
929
247
406
779
465
867
526
331
421
670
610
312
527
830
55
285
306
197
780
379
489
484
66
579
454
759
740
569
87
260
52
38
83
330
997
224
675
354
695
240
179
332
20
511
663
969
713
174
642
920
377
113
66
456
19
422
648
281
164
32
139
991
143
755
404
356
537
235
948
720
633
622
17
55
828
466
800
424
503
196
572
174
541
942
700
645
793
68
947
394
701
836
745
775
632
223
343
258
511
232
40
961
74
192
498
460
39
340
732
374
324
660
762
505
837
448
803
534
846
265
796
510
115
921
165
648
763
936
728
7
554
404
387
231
165
196
547
397
297
881
384
416
844
105
944
47
517
146
867
183
800
104
830
385
233
379
467
39
426
616
285
233
848
929
881
401
407
108
32
422
261
853
97
497
684
849
627
402
337
8
744
45
626
758
21
967
349
294
351
663
331
203
567
347
979
21
182
816
890
460
203
357
969
564
977
53
247
982
286
183
389
542
278
76
224
654
815
764
401
479
652
829
601
22
885
545
88
491
294
114
852
578
595
813
575
91
549
873
617
692
134
218
196
889
41
686
111
717
533
755
922
744
184
251
536
773
760
318
779
135
861
467
601
671
546
514
379
117
466
624
159
264
423
295
419
771
181
345
562
639
542
642
764
959
662
464
397
820
87
656
367
941
487
221
683
498
244
711
475
821
698
646
939
174
324
98
526
946
134
537
685
215
379
339
418
511
490
30
275
190
579
289
546
225
720
999
784
781
863
322
545
809
611
112
691
34
529
47
425
785
985
257
653
770
779
292
345
740
56
225
710
816
811
278
622
776
412
866
227
845
388
989
419
660
48
506
355
871
60
961
64
892
280
757
748
292
344
607
22
130
293
653
154
413
249
107
992
572
503
156
489
606
609
109
531
819
116
62
213
850
214
462
230
39
424
698
985
656
422
841
754
525
155
735
940
618
225
300
75
387
662
249
908
123
386
118
197
640
229
882
855
254
437
896
80
766
5
435
477
803
162
606
276
50
663
835
335
579
264
661
189
792
163
979
410
89
242
404
631
241
429
58
20
336
733
357
162
134
700
717
797
465
815
234
399
51
805
907
456
268
929
330
640
399
275
329
71
723
134
299
227
448
850
713
89
132
937
167
576
674
167
867
382
197
354
969
686
102
409
30
561
616
89
703
593
268
123
548
933
702
777
751
302
851
639
467
697
550
598
923
517
477
819
321
564
148
743
399
598
430
471
853
320
948
348
743
156
380
517
34
898
30
80
852
636
765
312
109
288
721
655
134
14
261
285
820
305
890
97
232
59
943
860
54
992
123
653
880
812
737
454
119
745
887
206
326
873
131
392
42
906
33
321
282
399
214
95
135
971
690
460
143
680
38
474
893
934
682
497
109
151
241
803
254
766
68
152
56
80
383
421
591
812
260
984
84
860
986
14
46
93
33
638
138
170
405
318
356
188
405
219
737
751
727
374
635
350
514
769
520
55
311
434
783
40
772
142
351
952
302
831
78
171
451
808
683
398
626
549
994
824
463
495
817
905
479
357
459
228
428
134
720
8
125
35
286
845
966
18
329
617
175
716
19
418
139
808
376
285
351
321
864
174
989
762
329
961
669
538
153
860
967
659
677
423
927
236
473
372
661
598
117
969
976
883
200
293
238
234
771
14
330
320
420
816
291
752
166
794
805
963
465
539
39
419
308
354
680
313
395
467
62
710
214
893
413
399
913
984
192
41
113
52
614
972
322
356
132
852
642
497
516
11
768
980
967
410
263
403
932
710
721
933
637
127
322
704
938
467
530
863
180
618
750
194
720
274
828
757
661
819
569
715
748
389
402
283
972
317
219
928
695
311
102
286
317
749
387
376
75
461
928
815
39
112
798
141
618
727
369
656
50
369
321
209
731
847
865
732
938
24
364
330
774
424
151
546
27
115
374
15
348
712
391
203
972
472
509
913
570
174
90
751
487
936
877
418
924
371
475
260
332
230
741
928
196
173
622
518
251
645
576
18
186
463
986
343
329
798
631
969
842
442
645
304
118
151
385
64
675
831
276
454
599
700
36
557
92
82
786
829
152
673
699
533
607
176
13
560
519
348
304
819
736
145
86
766
462
768
648
57
109
214
823
934
295
133
972
156
444
11
940
500
735
32
740
132
945
398
981
168
133
329
187
217
327
797
160
390
761
487
424
559
772
124
352
808
159
965
392
282
863
860
66
693
500
504
631
90
51
581
837
30
61
455
590
968
163
508
127
339
52
473
699
934
926
245
452
609
468
978
774
59
538
49
976
54
434
221
727
100
241
872
601
267
652
170
715
315
849
465
104
593
235
50
78
572
125
284
894
604
138
997
304
298
623
823
945
875
150
514
834
718
912
501
198
685
341
535
727
120
171
512
334
708
145
861
501
931
151
887
267
293
700
301
635
821
796
88
553
310
580
84
195
4
58
671
815
983
14
762
527
849
711
4
397
257
395
798
421
8
47
153
398
225
623
219
76
238
491
377
541
965
535
551
373
841
949
978
97
501
208
774
877
539
696
923
642
291
453
42
608
839
577
998
891
347
671
38
749
178
122
879
688
59
236
437
382
154
572
58
399
411
802
416
822
218
746
856
792
430
842
389
362
420
666
826
919
31
735
96
675
789
516
812
302
356
222
485
712
508
474
979
469
606
606
91
638
114
753
239
892
751
639
410
521
850
492
113
701
281
228
477
338
978
333
61
732
693
955
337
672
192
622
753
952
161
441
531
369
158
465
116
777
632
976
14
752
414
573
527
90
614
242
314
821
174
522
391
838
913
612
373
146
701
809
888
724
905
294
518
362
91
390
155
68
591
304
60
947
68
960
904
937
473
748
787
26
877
933
252
838
980
696
46
139
93
688
524
771
616
434
669
335
637
53
0
208
368
260
633
661
272
849
408
750
319
903
347
804
843
332
546
10
627
545
528
444
102
296
145
539
332
777
783
27
264
793
951
857
349
935
0
539
878
532
603
966
842
703
438
878
132
618
323
926
288
532
158
164
554
892
283
464
168
686
293
497
792
341
796
796
956
806
526
658
65
645
190
844
24
967
809
686
419
739
557
133
465
469
444
342
221
63
150
285
9
494
46
662
584
703
731
420
416
365
750
924
926
409
635
405
92
84
376
942
6
227
906
323
130
335
327
334
61
735
151
702
362
157
668
7
701
515
208
158
982
760
757
566
153
626
543
636
842
689
142
891
975
606
328
997
613
871
291
415
340
976
784
880
79
518
363
758
875
3
335
421
705
842
318
324
670
214
918
613
807
555
800
817
738
128
145
262
616
544
979
119
103
932
78
182
244
710
720
16
205
373
316
477
245
760
606
322
776
136
444
373
726
542
905
404
397
958
371
187
30
327
772
48
466
512
245
741
574
625
710
161
865
251
811
619
646
69
329
404
829
36
622
47
275
406
917
784
890
643
81
583
716
496
513
240
473
81
90
328
688
355
874
565
393
451
264
434
33
798
562
94
79
758
494
568
339
670
930
417
134
907
279
934
981
54
791
129
799
954
231
875
838
166
400
360
482
496
744
134
976
103
525
371
810
379
233
819
57
763
201
731
429
490
224
517
941
959
129
936
593
615
378
187
268
449
275
142
408
166
693
988
250
155
759
73
876
309
444
4
489
272
385
2
555
28
418
663
712
132
28
897
107
84
709
651
215
318
392
858
6
697
252
160
24
808
724
50
639
378
601
928
927
482
260
809
195
557
768
513
187
932
915
152
705
245
69
607
706
178
258
42
946
462
138
837
920
191
559
420
153
277
638
435
472
125
806
46
51
650
582
910
104
937
243
705
423
735
271
956
593
73
589
928
190
599
145
343
853
687
85
105
556
226
125
999
735
133
28
595
869
765
336
786
486
63
200
872
608
436
149
662
273
638
342
401
647
722
750
18
379
994
625
174
652
877
660
354
384
605
633
285
221
52
970
450
878
836
269
800
297
538
677
256
269
662
865
162
289
330
446
83
431
460
352
231
415
210
621
40
352
1
706
865
553
250
367
137
966
978
54
239
782
140
698
998
113
77
121
85
823
595
171
142
308
755
749
432
551
782
6
44
937
623
123
769
915
43
493
692
473
686
840
615
267
182
143
868
721
78
995
807
654
857
75
742
6
369
189
669
817
667
986
890
817
73
831
986
976
220
287
158
243
755
879
422
251
572
690
327
714
158
594
484
154
785
720
983
505
891
923
674
281
999
964
647
652
124
410
528
828
279
697
979
320
222
414
910
227
283
245
795
303
672
339
736
295
5
384
350
690
980
948
107
683
549
938
622
60
99
794
407
547
554
528
984
797
491
729
92
823
237
710
67
108
730
122
991
465
347
93
70
284
889
339
524
914
665
295
500
87
603
136
698
72
608
886
808
957
917
525
644
131
280
144
635
726
150
770
252
587
790
885
403
715
262
885
72
555
144
862
811
921
344
922
927
377
429
816
976
541
657
726
226
835
231
927
648
872
208
583
621
778
602
435
810
883
310
821
549
570
508
45
34
268
725
388
777
304
973
514
603
119
547
375
650
946
374
958
125
686
989
822
644
306
611
498
398
137
270
344
421
947
819
671
243
342
943
529
475
162
260
264
998
73
782
853
760
269
329
627
222
500
577
506
255
623
717
560
956
576
753
522
789
329
407
760
522
738
962
910
914
762
878
198
460
327
983
419
272